140
-30 0 0
-10 0 0
-10 0 75
-30 0 75
-30 20 75
-30 20 0
-10 20 0
-10 20 75
10 0 0
30 0 0
30 0 75
10 0 75
10 20 75
10 20 0
30 20 0
30 20 75
-40 -10 75
40 -10 75
40 -10 175
-40 -10 175
-40 30 175
-40 30 75
30 30 75
30 30 175
-10 0 175
10 0 175
10 0 185
-10 0 185
-10 20 185
-10 20 175
10 20 175
10 20 185
-20 -10 185
20 -10 185
20 -10 225
-20 -10 225
-20 30 225
-20 30 185
20 30 185
20 30 225
-10 -11 215
-15 -11 215
-15 -11 220
-10 -11 220
15 -11 215
10 -11 215
10 -11 220
15 -11 220
12 -11 195
-12 -11 195
-12 -11 200
12 -11 200
-40 10 150
-50 10 150
-50 10 155
-40 10 155
-50 15 155
-50 15 150
-40 15 150
-40 15 155
40 10 150
50 10 150
50 10 155
40 10 155
50 15 155
50 15 150
40 15 150
40 15 155
-65 0 100
-50 0 100
-50 0 160
-65 0 160
-65 15 160
-65 15 100
-50 15 100
-50 15 160
65 0 100
50 0 100
50 0 160
65 0 160
65 15 160
65 15 100
50 15 100
50 15 160
-30 -20 0
-10 -20 0
-10 20 0
-30 20 0
-10 -20 -20
-30 -20 -20
-30 20 -20
-10 20 -20
10 -20 0
30 -20 0
30 20 0
10 20 0
30 -20 -20
10 -20 -20
10 20 -20
30 20 -20
-60 5 99
-55 5 99
-55 10 99
-60 10 99
-70 5 89
-65 5 89
-65 10 89
-70 10 89
-50 5 89
-45 5 89
-45 10 89
-50 10 89
55 5 99
60 5 99
60 10 99
55 10 99
45 5 89
50 5 89
50 10 89
45 10 89
65 5 89
70 5 89
70 10 89
65 10 89
-70 5 81
-70 10 81
-65 10 81
-65 5 81
-50 5 81
-50 10 81
-45 10 81
-45 5 81
70 10 81
70 5 81
65 10 81
65 5 81
50 5 81
50 10 81
45 5 81
45 10 81
107
0 1 2 3
0 5 4 3
6 5 4 7
1 6 7 2
0 1 6 5
2 3 4 7
8 9 10 11
8 13 12 11
13 14 15 12
9 14 15 10
8 9 14 13
10 11 12 15
16 17 18 19
16 19 20 21
20 21 22 23
22 23 18 17
16 17 22 21
18 19 20 23
24 25 26 27
24 27 28 29
28 29 30 31
30 31 26 25
32 33 34 35
32 35 36 37
36 37 38 39
38 39 34 33
32 33 38 37
34 35 36 39
40 41 42 43
44 45 46 47
48 49 50 51
52 53 54 55
53 54 56 57
56 57 58 59
52 53 57 58
54 55 59 56
52 55 58 59
60 61 62 63
61 62 64 65
64 65 66 67
60 61 65 66
62 63 67 64
60 63 66 67
68 69 70 71
68 71 72 73
72 73 74 75
69 70 75 74
68 69 74 73
70 71 72 75
76 77 78 79
76 79 80 81
80 81 82 83
77 78 83 82
76 77 82 81
78 79 81 83
84 85 86 87
84 85 88 89
90 87 84 89
91 90 87 86
91 86 85 88
92 93 94 95
92 93 96 97
98 95 92 97
99 98 95 94
99 94 93 96
100 101 102 103
104 105 106 107
100 103 107 104
101 102 106 105
100 101 105 104
102 103 107 106
108 109 110 111
108 111 103 100
102 101 109 110
108 109 101 100
102 103 111 110
112 113 114 115
116 117 118 119
112 115 119 116
113 114 118 117
112 113 117 116
114 115 119 118
120 121 122 123
120 123 115 112
114 113 121 122
120 121 113 112
114 115 123 122
124 125 126 127
124 125 107 104
105 106 127 126
126 125 107 106
124 127 105 104
128 129 130 131
128 131 109 108
129 130 110 111
128 129 111 108
109 110 130 131
121 122 132 133
120 123 134 135
122 132 134 123
121 120 135 133
135 134 132 133
118 117 136 137
119 116 138 139
116 117 136 138
119 118 137 139
139 137 136 138
26
102 107 LeftClawNail1
97 102 LeftClawNail2
76 82 LeftClaw1
82 87 LeftClaw2
49 55 LeftArm
65 71 RightClaw1
71 76 RightClaw2
92 97 RightClawNail2
87 92 RightClawNail1
60 65 LeftFoot
55 60 RightFoot
0 6 RightLeg
6 12 LeftLeg
12 13 TorsoFront
13 18 Torso
18 22 Neck
22 23 Face
22 28 Head
31 37 RightForearm
37 43 LeftForearm
43 49 RightArm
